750
331 409
214 894
749 242
55 289
603 837
474 162
873 344
636 553
832 470
798 339
437 94
689 511
529 341
257 15
868 51
674 108
487 118
633 27
390 169
156 183
545 8
10 744
985 263
788 408
215 796
388 88
673 543
266 262
335 392
445 661
46 619
902 469
280 814
350 797
244 721
846 581
737 847
171 249
173 20
285 521
920 795
782 995
885 471
527 91
452 204
577 615
583 861
158 372
806 522
762 751
373 740
363 856
999 67
897 105
635 150
996 415
990 402
96 44
403 991
523 993
949 686
2 735
631 386
419 475
501 481
345 401
698 31
651 243
879 195
371 813
774 840
681 153
424 101
18 461
720 155
221 617
590 256
953 817
382 960
726 438
684 26
376 929
117 114
563 413
93 620
322 513
940 670
750 524
102 714
304 665
928 447
580 458
185 200
582 982
37 482
494 537
793 422
492 858
783 977
124 137
981 394
695 49
595 455
535 410
715 932
587 327
324 52
59 138
465 881
172 716
700 988
343 99
943 133
586 318
449 368
119 703
760 956
12 544
919 765
495 236
466 912
226 800
571 770
76 454
910 231
717 72
781 383
252 701
80 270
269 444
957 808
206 307
180 130
464 32
160 188
892 490
930 862
628 147
666 947
609 562
598 30
916 915
163 182
86 612
85 643
190 518
175 297
375 984
250 794
818 414
512 443
246 825
366 129
427 853
548 525
838 572
607 903
965 835
901 801
476 40
599 407
253 937
566 115
601 841
79 321
54 675
731 144
198 891
398 330
365 705
57 134
199 157
191 653
295 697
579 662
123 625
291 833
151 355
632 872
58 259
608 763
589 336
660 290
503 528
568 405
967 952
238 805
65 227
218 624
600 547
685 573
66 273
71 434
618 146
564 459
418 426
61 866
630 664
288 534
116 622
909 973
810 165
946 6
95 47
69 857
676 478
223 585
428 711
417 753
337 353
578 36
945 338
484 769
128 126
552 876
498 657
542 168
510 234
696 958
974 834
904 517
637 758
634 385
683 816
496 911
310 789
0 934
699 759
824 359
961 143
53 918
668 709
399 927
161 882
432 871
64 710
884 271
828 773
68 384
968 248
980 131
152 82
558 224
898 941
237 264
306 395
84 979
883 659
207 752
104 97
222
900
627
340
435
369
233
588
569
839
212
546
260
203
649
531
739
644
575
356
594
287
831
149
680
614
757
888
317
771
820
860
267
638
354
166
863
712
186
931
811
364
11
983
493
652
621
713
187
504
411
893
313
718
491
848
604
784
905
768
194
851
225
170
228
387
294
786
298
567
62
748
63
647
235
23
456
110
658
196
78
201
687
284
646
145
877
74
870
406
509
694
849
944
629
803
441
197
211
3
539
850
148
13
926
923
551
107
499
70
141
913
220
654
678
21
463
16
25
656
302
404
708
606
565
826
439
935
210
955
213
998
314
610
954
520
951
707
323
45
328
421
557
766
122
332
329
576
348
641
855
420
939
232
924
109
691
261
489
869
533
942
906
640
741
431
733
446
538
346
205
755
299
593
500
189
381
275
502
550
725
807
245
963
829
396
429
917
602
978
702
416
29
276
596
77
874
719
132
357
986
282
193
989
42
286
556
135
536
159
672
819
92
142
742
997
467
333
239
779
308
570
962
802
859
730
370
485
164
815
747
34
655
35
729
391
506
5
688
60
966
358
611
347
433
921
734
73
423
309
738
457
448
425
508
174
272
87
549
265
320
136
17
679
754
514
127
311
89
540
887
255
319
472
283
125
507
948
746
477
178
39
648
959
890
121
379
723
706
975
875
316
216
908
584
886
667
208
671
247
693
325
177
181
33
623
530
389
722
878
613
663
19
217
925
799
541
451
83
938
154
209
597
560
836
296
374
400
303
842
780
605
219
90
775
970
312
229
9
736
987
519
690
845
732
880
505
497
727
867
7
532
1
639
785
301
642
274
516
777
140
120
559
268
804
852
895
38
281
179
112
278
106
914
574
812
854
251
972
843
293
24
821
704
43
360
964
468
865
277
479
254
442
202
994
111
790
756
240
367
315
361
50
830
822
787
645
791
764
113
460
969
889
326
650
184
692
22
14
440
728
933
378
792
515
4
103
100
342
362
992
592
75
767
626
907
677
81
778
98
176
377
776
761
616
48
300
258
724
682
351
844
380
745
430
827
936
896
167
864
922
292
139
976
591
28
436
349
561
554
483
352
555
334
971
393
397
743
669
192
279
473
56
899
772
450
488
486
950
462
241
823
41
230
809
305
412
453
480
526
