750
0 8
2 20
6 15
10 88
12 27
18 51
26 91
30 94
31 108
32 118
36 162
37 169
40 183
44 242
46 204
47 262
49 263
52 249
53 289
54 341
55 344
57 372
58 339
59 408
61 392
64 409
65 469
66 470
67 471
68 511
69 521
71 543
72 581
76 615
79 553
80 619
82 661
84 721
85 744
86 795
93 814
95 796
96 797
97 847
99 837
101 861
102 894
104 995
105 114
115 150
116 153
117 155
119 195
123 200
124 243
126 256
128 386
129 402
130 401
131 413
133 415
134 438
137 447
138 458
143 461
144 475
146 481
147 513
151 522
152 617
156 524
157 620
158 665
160 670
161 686
163 714
165 735
168 740
171 751
172 813
173 817
175 846
180 856
182 873
185 840
188 885
190 929
191 960
198 982
199 991
206 993
207 231
214 236
215 270
218 304
221 307
223 318
224 327
226 368
227 376
234 383
237 394
238 410
244 422
246 424
248 444
250 452
252 454
253 455
257 482
259 537
264 494
266 544
269 674
271 701
273 703
280 716
285 726
288 765
290 808
291 770
295 800
297 832
306 858
310 881
321 912
322 932
324 956
330 988
331 345
335 977
336 371
337 388
338 407
343 443
350 414
353 490
355 518
359 525
363 562
365 571
366 572
373 583
375 612
382 625
384 653
385 643
390 662
395 675
398 697
399 705
403 760
405 794
417 801
418 825
419 833
426 835
427 841
428 862
432 853
434 872
437 903
445 891
449 915
459 937
464 947
465 953
466 984
474 528
476 534
478 547
484 566
487 573
492 609
495 622
496 624
498 664
501 681
503 689
510 695
512 737
517 805
523 763
527 857
529 879
535 866
542 920
545 943
548 952
552 973
558 563
564 582
568 579
577 585
578 590
580 595
586 651
587 657
589 711
598 684
599 715
600 753
601 758
603 769
607 774
608 810
618 818
628 834
630 838
631 876
632 930
633 949
634 957
635 958
636 965
637 996
659 967
660 709
666 710
668 759
673 789
676 816
683 871
685 882
696 911
698 918
699 919
700 927
717 990
720 934
731 781
749 773
750 793
752 824
762 806
782 828
783 868
788 897
798 910
883 928
884 961
892 981
898 904
901 909
902 940
916 941
945 946
968 974
979 980
985 999
1
3
4
5
7
9
11
13
14
16
17
19
21
22
23
24
25
28
29
33
34
35
38
39
41
42
43
45
48
50
56
60
62
63
70
73
74
75
77
78
81
83
87
89
90
92
98
100
103
106
107
109
110
111
112
113
120
121
122
125
127
132
135
136
139
140
141
142
145
148
149
154
159
164
166
167
170
174
176
177
178
179
181
184
186
187
189
192
193
194
196
197
201
202
203
205
208
209
210
211
212
213
216
217
219
220
222
225
228
229
230
232
233
235
239
240
241
245
247
251
254
255
258
260
261
265
267
268
272
274
275
276
277
278
279
281
282
283
284
286
287
292
293
294
296
298
299
300
301
302
303
305
308
309
311
312
313
314
315
316
317
319
320
323
325
326
328
329
332
333
334
340
342
346
347
348
349
351
352
354
356
357
358
360
361
362
364
367
369
370
374
377
378
379
380
381
387
389
391
393
396
397
400
404
406
411
412
416
420
421
423
425
429
430
431
433
435
436
439
440
441
442
446
448
450
451
453
456
457
460
462
463
467
468
472
473
477
479
480
483
485
486
488
489
491
493
497
499
500
502
504
505
506
507
508
509
514
515
516
519
520
526
530
531
532
533
536
538
539
540
541
546
549
550
551
554
555
556
557
559
560
561
565
567
569
570
574
575
576
584
588
591
592
593
594
596
597
602
604
605
606
610
611
613
614
616
621
623
626
627
629
638
639
640
641
642
644
645
646
647
648
649
650
652
654
655
656
658
663
667
669
671
672
677
678
679
680
682
687
688
690
691
692
693
694
702
704
706
707
708
712
713
718
719
722
723
724
725
727
728
729
730
732
733
734
736
738
739
741
742
743
745
746
747
748
754
755
756
757
761
764
766
767
768
771
772
775
776
777
778
779
780
784
785
786
787
790
791
792
799
802
803
804
807
809
811
812
815
819
820
821
822
823
826
827
829
830
831
836
839
842
843
844
845
848
849
850
851
852
854
855
859
860
863
864
865
867
869
870
874
875
877
878
880
886
887
888
889
890
893
895
896
899
900
905
906
907
908
913
914
917
921
922
923
924
925
926
931
933
935
936
938
939
942
944
948
950
951
954
955
959
962
963
964
966
969
970
971
972
975
976
978
983
986
987
989
992
994
997
998
